1 0
2 0.565483
3 0.565483
4 0.406785
5 0.186688
6 0.186688
7 0.183535
8 0.183535
9 0.173162
10 0.173162
11 0.114387
12 0.106778
13 0.106778
14 0.106778
15 0.0490124
16 0.0490124
17 0.00397142
18 0.00397142
19 0.00397142
20 0.00397142
21 0.00397142
22 0.00397142
23 0.00397142
24 0.00397142
25 0.00397142
26 0.00397142
27 0.00397142
28 0.00397142
29 0.00397142
30 0.00355617
31 0.00355617
32 0.00355617
33 0.00355617
34 0.00355617
35 0.00355617
36 0.00355617
37 0.00355617
38 0.00296213
39 0.00232535
40 0.00232535
41 0.00232535
42 0.00222374
43 0.00222374
44 0.00200099
45 0.0016539
46 0.000215037
47 0.000215037
48 0.000215037
49 0.000215037
50 0.000215037
51 0.000215037
52 0.000215037
53 0.000215037
54 0.000215037
55 0.000215037
56 0.000215037
57 0.000215037
58 0.000215037
59 0.000215037
60 0.000215037
61 0.000187599
62 0.000187599
63 0.000187599
64 0.000179345
65 0.000179345
66 0.000179345
67 9.25458e-05
68 9.25458e-05
69 9.25458e-05
70 6.1842e-05
71 6.1842e-05
72 3.97878e-05
73 3.97878e-05
74 3.97878e-05
75 3.97878e-05
76 3.97878e-05
77 3.06188e-05
78 3.06188e-05
79 3.06188e-05
80 2.17347e-05
81 5.94874e-06
82 5.94874e-06
83 5.94874e-06
84 5.94874e-06
85 5.94874e-06
86 5.94874e-06
87 5.94874e-06
88 5.94874e-06
89 3.10893e-06
90 3.10893e-06
91 3.10893e-06
92 3.10893e-06
93 3.10893e-06
94 3.10893e-06
95 3.10893e-06
96 3.10893e-06
97 2.65948e-06
98 2.65948e-06
99 2.65948e-06
100 2.65948e-06
101 2.64354e-06
102 2.64354e-06
103 2.64354e-06
104 2.64354e-06
105 2.64354e-06
106 2.63102e-06
107 1.89998e-06
108 1.32063e-06
109 8.67735e-07
110 5.30097e-07
111 3.29814e-07
112 1.88368e-07
113 1.88368e-07
114 1.88368e-07
115 1.88368e-07
116 1.88368e-07
117 1.88368e-07
118 1.88368e-07
119 1.88368e-07
120 1.88368e-07
121 1.82207e-07
122 1.76566e-07
123 1.76566e-07
124 1.76566e-07
125 1.58954e-07
126 1.58954e-07
127 1.58954e-07
128 1.58954e-07
129 1.58954e-07
130 1.44637e-07
131 1.44637e-07
132 1.44637e-07
133 1.44637e-07
134 4.27643e-08
135 4.27643e-08
136 4.27643e-08
137 4.27643e-08
138 4.27643e-08
139 4.16656e-08
140 2.12612e-08
141 2.12612e-08
142 2.12612e-08
143 1.81975e-08
144 1.61503e-08
145 1.61503e-08
146 1.61503e-08
147 1.37944e-08
148 9.74873e-09
149 9.74873e-09
150 9.74873e-09
151 9.74873e-09
152 9.6942e-09
153 8.8335e-09
154 8.8335e-09
155 8.8335e-09
156 8.36924e-09
157 8.36924e-09
158 8.36924e-09
159 8.36924e-09
160 3.8802e-09
161 3.8802e-09
162 2.11632e-09
163 2.11632e-09
164 2.11632e-09
165 1.42065e-09
166 1.42065e-09
167 1.42065e-09
168 1.31089e-09
169 1.236e-09
170 1.236e-09
171 1.236e-09
172 6.33392e-10
173 6.33392e-10
174 6.33392e-10
175 6.33392e-10
176 6.33392e-10
177 5.33734e-10
178 5.33734e-10
179 5.33734e-10
180 4.83264e-10
181 4.83264e-10
182 4.58271e-10
183 4.58271e-10
184 4.58271e-10
185 2.30042e-10
186 2.30042e-10
187 2.30042e-10
188 2.30042e-10
189 2.30042e-10
190 1.69127e-10
191 1.69127e-10
192 6.02853e-11
193 6.02853e-11
194 6.02853e-11
195 6.02853e-11
196 5.58072e-11
197 5.58072e-11
198 5.58072e-11
199 5.108e-11
200 5.108e-11
201 5.108e-11
202 5.108e-11
203 4.89053e-11
204 4.89053e-11
205 4.89053e-11
206 4.89053e-11
207 4.89053e-11
208 4.54479e-11
209 4.54479e-11
210 4.38025e-11
211 4.03732e-11
212 3.59656e-11
213 3.59656e-11
214 3.59656e-11
215 2.81644e-11
216 2.27132e-11
217 2.27132e-11
218 2.27132e-11
219 2.09603e-11
220 1.90047e-11
221 1.69829e-11
222 1.46577e-11
223 1.2659e-11
224 6.84396e-12
225 5.34531e-12
226 5.34531e-12
227 5.34531e-12
228 5.29711e-12
229 3.53899e-12
230 2.13413e-12
231 1.01609e-12
232 2.03467e-13
233 2.03467e-13
234 2.03467e-13
235 2.03467e-13
236 2.03467e-13
237 2.03467e-13
238 2.03467e-13
239 2.03467e-13
240 1.17136e-13
241 8.19641e-14
242 8.19641e-14
243 8.19641e-14
244 8.19641e-14
245 8.19641e-14
246 8.19641e-14
247 8.19641e-14
248 8.19641e-14
249 8.19641e-14
250 8.19641e-14
251 8.19641e-14
252 8.19641e-14
253 8.19641e-14
254 1.93179e-14
255 1.93179e-14
256 1.93179e-14
257 1.93179e-14
258 1.70678e-14
259 1.70678e-14
260 1.70678e-14
261 1.70678e-14
262 1.70678e-14
263 1.70678e-14
264 1.70678e-14
265 1.69494e-14
266 1.69494e-14
267 1.69494e-14
268 1.69494e-14
269 1.69494e-14
270 1.69494e-14
271 1.69494e-14
272 1.69494e-14
273 1.69494e-14
274 1.69494e-14
275 1.69494e-14
276 1.69494e-14
277 1.69494e-14
278 1.58836e-14
279 1.58836e-14
280 1.58836e-14
281 1.58836e-14
282 1.58836e-14
283 7.00181e-15
284 7.00181e-15
285 7.00181e-15
286 9.62193e-16
287 9.62193e-16
288 9.62193e-16
289 9.62193e-16
290 9.62193e-16
291 9.62193e-16
292 9.62193e-16
293 9.62193e-16
294 9.62193e-16
295 9.62193e-16
296 9.62193e-16
297 8.43769e-16
298 8.43769e-16
299 8.43769e-16
300 8.43769e-16
301 8.43769e-16
302 7.25346e-16
303 7.25346e-16
304 7.25346e-16
305 7.25346e-16
306 7.25346e-16
307 6.06922e-16
308 6.06922e-16
309 6.06922e-16
310 6.06922e-16
311 6.06922e-16
312 6.06922e-16
313 4.88498e-16
314 4.88498e-16
315 4.88498e-16
316 4.88498e-16
317 4.88498e-16
318 4.88498e-16
319 2.51651e-16
320 2.51651e-16
321 2.51651e-16
322 2.51651e-16
323 2.51651e-16
324 2.51651e-16
325 2.51651e-16
326 2.51651e-16
327 1.33227e-16
328 1.33227e-16
329 1.33227e-16
330 1.33227e-16
331 1.33227e-16
332 1.33227e-16
333 1.4803e-17
334 1.4803e-17
335 1.4803e-17
336 1.4803e-17
337 1.4803e-17
338 1.4803e-17
339 1.4803e-17
340 1.4803e-17
341 1.4803e-17
342 1.4803e-17
343 1.4803e-17
344 1.4803e-17
345 1.4803e-17
346 1.4803e-17
347 1.4803e-17
348 1.4803e-17
349 1.4803e-17
350 1.4803e-17
351 1.4803e-17
352 1.4803e-17
353 1.4803e-17
354 1.4803e-17
355 1.4803e-17
356 1.4803e-17
357 1.4803e-17
358 1.4803e-17
359 1.4803e-17
360 1.4803e-17
361 1.4803e-17
362 1.4803e-17
363 1.4803e-17
364 1.4803e-17
365 1.4803e-17
366 1.4803e-17
367 1.4803e-17
368 1.4803e-17
369 1.4803e-17
370 1.4803e-17
371 1.4803e-17
372 1.4803e-17
373 1.4803e-17
374 1.4803e-17
375 1.4803e-17
376 1.4803e-17
377 1.4803e-17
378 1.4803e-17
379 1.4803e-17
380 1.4803e-17
381 1.4803e-17
382 1.4803e-17
383 1.4803e-17
384 1.4803e-17
385 1.4803e-17
386 1.4803e-17
387 1.4803e-17
388 1.4803e-17
389 1.4803e-17
390 1.4803e-17
391 1.4803e-17
392 1.4803e-17
393 1.4803e-17
394 1.4803e-17
395 1.4803e-17
396 1.4803e-17
397 1.4803e-17
398 1.4803e-17
399 1.4803e-17
400 1.4803e-17
401 1.4803e-17
402 1.4803e-17
403 1.4803e-17
404 1.4803e-17
405 1.4803e-17
406 1.4803e-17
407 1.4803e-17
408 1.4803e-17
409 1.4803e-17
410 1.4803e-17
411 1.4803e-17
412 1.4803e-17
413 1.4803e-17
414 1.4803e-17
415 1.4803e-17
416 1.4803e-17
417 1.4803e-17
418 1.4803e-17
419 1.4803e-17
420 1.4803e-17
421 1.4803e-17
422 1.4803e-17
423 1.4803e-17
424 1.4803e-17
425 1.4803e-17
426 1.4803e-17
427 1.4803e-17
428 1.4803e-17
429 1.4803e-17
430 1.4803e-17
431 1.4803e-17
432 1.4803e-17
433 1.4803e-17
434 1.4803e-17
435 1.4803e-17
436 1.4803e-17
437 1.4803e-17
438 1.4803e-17
439 1.4803e-17
440 1.4803e-17
441 1.4803e-17
442 1.4803e-17
443 1.4803e-17
444 1.4803e-17
445 1.4803e-17
446 1.4803e-17
447 1.4803e-17
448 1.4803e-17
449 1.4803e-17
450 1.4803e-17
451 1.4803e-17
452 1.4803e-17
453 1.4803e-17
454 1.4803e-17
455 1.4803e-17
456 1.4803e-17
457 1.4803e-17
458 1.4803e-17
459 1.4803e-17
460 1.4803e-17
461 1.4803e-17
462 1.4803e-17
463 1.4803e-17
464 1.4803e-17
465 1.4803e-17
466 1.4803e-17
467 1.4803e-17
468 1.4803e-17
469 1.4803e-17
470 1.4803e-17
471 1.4803e-17
472 1.4803e-17
473 1.4803e-17
474 1.4803e-17
475 1.4803e-17
476 1.4803e-17
477 1.4803e-17
478 1.4803e-17
479 1.4803e-17
480 1.4803e-17
481 1.4803e-17
482 1.4803e-17
483 1.4803e-17
484 1.4803e-17
485 1.4803e-17
486 1.4803e-17
487 1.4803e-17
488 1.4803e-17
489 1.4803e-17
490 1.4803e-17
491 1.4803e-17
492 1.4803e-17
493 1.4803e-17
494 1.4803e-17
495 1.4803e-17
496 1.4803e-17
497 1.4803e-17
498 1.4803e-17
499 1.4803e-17
500 1.4803e-17
501 1.4803e-17
502 1.4803e-17
503 1.4803e-17
504 1.4803e-17
505 1.4803e-17
506 1.4803e-17
507 1.4803e-17
508 1.4803e-17
509 1.4803e-17
510 1.4803e-17
511 1.4803e-17
512 1.4803e-17
513 1.4803e-17
514 1.4803e-17
515 1.4803e-17
516 1.4803e-17
517 1.4803e-17
518 1.4803e-17
519 1.4803e-17
520 1.4803e-17
521 1.4803e-17
522 1.4803e-17
523 1.4803e-17
524 1.4803e-17
525 1.4803e-17
526 1.4803e-17
527 1.4803e-17
528 1.4803e-17
529 1.4803e-17
530 1.4803e-17
531 1.4803e-17
532 1.4803e-17
533 1.4803e-17
534 1.4803e-17
535 1.4803e-17
536 1.4803e-17
537 1.4803e-17
538 1.4803e-17
539 1.4803e-17
540 1.4803e-17
541 1.4803e-17
542 1.4803e-17
543 1.4803e-17
544 1.4803e-17
545 1.4803e-17
546 1.4803e-17
547 1.4803e-17
548 1.4803e-17
549 1.4803e-17
550 1.4803e-17
551 1.4803e-17
552 1.4803e-17
553 1.4803e-17
554 1.4803e-17
555 1.4803e-17
556 1.4803e-17
557 1.4803e-17
558 1.4803e-17
559 1.4803e-17
560 1.4803e-17
561 1.4803e-17
562 1.4803e-17
563 1.4803e-17
564 1.4803e-17
565 1.4803e-17
566 1.4803e-17
567 1.4803e-17
568 1.4803e-17
569 1.4803e-17
570 1.4803e-17
571 1.4803e-17
572 1.4803e-17
573 1.4803e-17
574 1.4803e-17
575 1.4803e-17
576 1.4803e-17
577 1.4803e-17
578 1.4803e-17
579 1.4803e-17
580 1.4803e-17
581 1.4803e-17
582 1.4803e-17
583 1.4803e-17
584 1.4803e-17
585 1.4803e-17
586 1.4803e-17
587 1.4803e-17
588 1.4803e-17
589 1.4803e-17
590 1.4803e-17
591 1.4803e-17
592 1.4803e-17
593 1.4803e-17
594 1.4803e-17
595 1.4803e-17
596 1.4803e-17
597 1.4803e-17
598 1.4803e-17
599 1.4803e-17
600 1.4803e-17
601 1.4803e-17
602 1.4803e-17
603 1.4803e-17
604 1.4803e-17
605 1.4803e-17
606 1.4803e-17
607 1.4803e-17
608 1.4803e-17
609 1.4803e-17
610 1.4803e-17
611 1.4803e-17
612 1.4803e-17
613 1.4803e-17
614 1.4803e-17
615 1.4803e-17
616 1.4803e-17
617 1.4803e-17
618 1.4803e-17
619 1.4803e-17
620 1.4803e-17
621 1.4803e-17
622 1.4803e-17
623 1.4803e-17
624 1.4803e-17
625 1.4803e-17
626 1.4803e-17
627 1.4803e-17
628 1.4803e-17
629 1.4803e-17
630 1.4803e-17
631 1.4803e-17
632 1.4803e-17
633 1.4803e-17
634 1.4803e-17
635 1.4803e-17
636 1.4803e-17
637 1.4803e-17
638 1.4803e-17
639 1.4803e-17
640 1.4803e-17
641 1.4803e-17
642 1.4803e-17
643 1.4803e-17
644 1.4803e-17
645 1.4803e-17
646 1.4803e-17
647 1.4803e-17
648 1.4803e-17
649 1.4803e-17
650 1.4803e-17
651 1.4803e-17
652 1.4803e-17
653 1.4803e-17
654 1.4803e-17
655 1.4803e-17
656 1.4803e-17
657 1.4803e-17
658 1.4803e-17
659 1.4803e-17
660 1.4803e-17
661 1.4803e-17
662 1.4803e-17
663 1.4803e-17
664 1.4803e-17
665 1.4803e-17
666 1.4803e-17
667 1.4803e-17
668 1.4803e-17
669 1.4803e-17
670 1.4803e-17
671 1.4803e-17
672 1.4803e-17
673 1.4803e-17
674 1.4803e-17
675 1.4803e-17
676 1.4803e-17
677 1.4803e-17
678 1.4803e-17
679 1.4803e-17
680 1.4803e-17
681 1.4803e-17
682 1.4803e-17
683 1.4803e-17
684 1.4803e-17
685 1.4803e-17
686 1.4803e-17
687 1.4803e-17
688 1.4803e-17
689 1.4803e-17
690 1.4803e-17
691 1.4803e-17
692 1.4803e-17
693 1.4803e-17
694 1.4803e-17
695 1.4803e-17
696 1.4803e-17
697 1.4803e-17
698 1.4803e-17
699 1.4803e-17
700 1.4803e-17
701 1.4803e-17
702 1.4803e-17
703 1.4803e-17
704 1.4803e-17
705 1.4803e-17
706 1.4803e-17
707 1.4803e-17
708 1.4803e-17
709 1.4803e-17
710 1.4803e-17
711 1.4803e-17
712 1.4803e-17
713 1.4803e-17
714 1.4803e-17
715 1.4803e-17
716 1.4803e-17
717 1.4803e-17
718 1.4803e-17
719 1.4803e-17
720 1.4803e-17
721 1.4803e-17
722 1.4803e-17
723 1.4803e-17
724 1.4803e-17
725 1.4803e-17
726 1.4803e-17
727 1.4803e-17
728 1.4803e-17
729 1.4803e-17
730 1.4803e-17
731 1.4803e-17
732 1.4803e-17
733 1.4803e-17
734 1.4803e-17
735 1.4803e-17
736 1.4803e-17
737 1.4803e-17
738 1.4803e-17
739 1.4803e-17
740 1.4803e-17
741 1.4803e-17
742 1.4803e-17
743 1.4803e-17
744 1.4803e-17
745 1.4803e-17
746 1.4803e-17
747 1.4803e-17
748 1.4803e-17
749 1.4803e-17
750 1.4803e-17
751 1.4803e-17
752 1.4803e-17
753 1.4803e-17
754 1.4803e-17
755 1.4803e-17
756 1.4803e-17
757 1.4803e-17
758 1.4803e-17
759 1.4803e-17
760 1.4803e-17
761 1.4803e-17
762 1.4803e-17
763 1.4803e-17
764 1.4803e-17
765 1.4803e-17
766 1.4803e-17
767 1.4803e-17
768 1.4803e-17
769 1.4803e-17
770 1.4803e-17
771 1.4803e-17
772 1.4803e-17
773 1.4803e-17
774 1.4803e-17
775 1.4803e-17
776 1.4803e-17
777 1.4803e-17
778 1.4803e-17
779 1.4803e-17
780 1.4803e-17
781 1.4803e-17
782 1.4803e-17
783 1.4803e-17
784 1.4803e-17
785 1.4803e-17
786 1.4803e-17
787 1.4803e-17
788 1.4803e-17
789 1.4803e-17
790 1.4803e-17
791 1.4803e-17
792 1.4803e-17
793 1.4803e-17
794 1.4803e-17
795 1.4803e-17
796 1.4803e-17
797 1.4803e-17
798 1.4803e-17
799 1.4803e-17
800 1.4803e-17
801 1.4803e-17
802 1.4803e-17
803 1.4803e-17
804 1.4803e-17
805 1.4803e-17
806 1.4803e-17
807 1.4803e-17
808 1.4803e-17
809 1.4803e-17
810 1.4803e-17
811 1.4803e-17
812 1.4803e-17
813 1.4803e-17
814 1.4803e-17
815 1.4803e-17
816 1.4803e-17
817 1.4803e-17
818 1.4803e-17
819 1.4803e-17
820 1.4803e-17
821 1.4803e-17
822 1.4803e-17
823 1.4803e-17
824 1.4803e-17
825 1.4803e-17
826 1.4803e-17
827 1.4803e-17
828 1.4803e-17
829 1.4803e-17
830 1.4803e-17
831 1.4803e-17
832 1.4803e-17
833 1.4803e-17
834 1.4803e-17
835 1.4803e-17
836 1.4803e-17
837 1.4803e-17
838 1.4803e-17
839 1.4803e-17
840 1.4803e-17
841 1.4803e-17
842 1.4803e-17
843 1.4803e-17
844 1.4803e-17
845 1.4803e-17
846 1.4803e-17
847 1.4803e-17
848 1.4803e-17
849 1.4803e-17
850 1.4803e-17
851 1.4803e-17
852 1.4803e-17
853 1.4803e-17
854 1.4803e-17
855 1.4803e-17
856 1.4803e-17
857 1.4803e-17
858 1.4803e-17
859 1.4803e-17
860 1.4803e-17
861 1.4803e-17
862 1.4803e-17
863 1.4803e-17
864 1.4803e-17
865 1.4803e-17
866 1.4803e-17
867 1.4803e-17
868 1.4803e-17
869 1.4803e-17
870 1.4803e-17
871 1.4803e-17
872 1.4803e-17
873 1.4803e-17
874 1.4803e-17
875 1.4803e-17
876 1.4803e-17
877 1.4803e-17
878 1.4803e-17
879 1.4803e-17
880 1.4803e-17
881 1.4803e-17
882 1.4803e-17
883 1.4803e-17
884 1.4803e-17
885 1.4803e-17
886 1.4803e-17
887 1.4803e-17
888 1.4803e-17
889 1.4803e-17
890 1.4803e-17
891 1.4803e-17
892 1.4803e-17
893 1.4803e-17
894 1.4803e-17
895 1.4803e-17
896 1.4803e-17
897 1.4803e-17
898 1.4803e-17
899 1.4803e-17
900 1.4803e-17
901 1.4803e-17
902 1.4803e-17
903 1.4803e-17
904 1.4803e-17
905 1.4803e-17
906 1.4803e-17
907 1.4803e-17
908 1.4803e-17
909 1.4803e-17
910 1.4803e-17
911 1.4803e-17
912 1.4803e-17
913 1.4803e-17
914 1.4803e-17
915 1.4803e-17
916 1.4803e-17
917 1.4803e-17
918 1.4803e-17
919 1.4803e-17
920 1.4803e-17
921 1.4803e-17
922 1.4803e-17
923 1.4803e-17
924 1.4803e-17
925 1.4803e-17
926 1.4803e-17
927 1.4803e-17
928 1.4803e-17
929 1.4803e-17
930 1.4803e-17
931 1.4803e-17
932 1.4803e-17
933 1.4803e-17
934 1.4803e-17
935 1.4803e-17
936 1.4803e-17
937 1.4803e-17
938 1.4803e-17
939 1.4803e-17
940 1.4803e-17
941 1.4803e-17
942 1.4803e-17
943 1.4803e-17
944 1.4803e-17
945 1.4803e-17
946 1.4803e-17
947 1.4803e-17
948 1.4803e-17
949 1.4803e-17
950 1.4803e-17
951 1.4803e-17
952 1.4803e-17
953 1.4803e-17
954 1.4803e-17
955 1.4803e-17
956 1.4803e-17
957 1.4803e-17
958 1.4803e-17
959 1.4803e-17
960 1.4803e-17
961 1.4803e-17
962 1.4803e-17
963 1.4803e-17
964 1.4803e-17
965 1.4803e-17
966 1.4803e-17
967 1.4803e-17
968 1.4803e-17
969 1.4803e-17
970 1.4803e-17
971 1.4803e-17
972 1.4803e-17
973 1.4803e-17
974 1.4803e-17
975 1.4803e-17
976 1.4803e-17
977 1.4803e-17
978 1.4803e-17
979 1.4803e-17
980 1.4803e-17
981 1.4803e-17
982 1.4803e-17
983 1.4803e-17
984 1.4803e-17
985 1.4803e-17
986 1.4803e-17
987 1.4803e-17
988 1.4803e-17
989 1.4803e-17
990 1.4803e-17
991 1.4803e-17
992 1.4803e-17
993 1.4803e-17
994 1.4803e-17
995 1.4803e-17
996 1.4803e-17
997 1.4803e-17
998 1.4803e-17
999 1.4803e-17
1000 1.4803e-17
